27025
1496
20393
4853
17777
1656
5983
32670
28828
28789
24361
22128
29154
26735
31518
6984
31420
19911
29853
24229
14457
22961
11691
17264
6067
18330
1735
6575
6026
2152
6777
13893
7503
6287
24328
24380
13902
21707
3553
11638
14886
16879
742
27700
18843
14475
4504
16429
10920
19185
20813
14567
22217
18345
27630
22858
28529
7571
7291
10337
31357
18595
29339
10881
22265
27569
10087
9980
5273
27447
6808
11233
20766
26653
31253
801
18819
32318
993
28603
819
27552
2602
12435
4057
30930
28528
32123
10891
23005
17263
20673
13277
7279
22920
14483
20042
21448
1064
20205
14381
29774
24821
9354
12798
612
23108
31838
